baseMean	log2FoldChange	lfcSE	stat	pvalue	padj
Phel_contig_10256	88.2957006885331	-1.64998673910394	0.424883322432263	-3.8833878667172	0.000103011048767905	0.025798814190249
Phel_contig_10419	264.106340617948	-2.95231751537408	0.787841405801666	-3.74735002962933	0.000178712620432957	0.0369362549881242
Phel_contig_10456	77.0866504809601	-2.32495466807699	0.461202413788276	-5.04107220294018	4.62930748174323e-07	0.000379033452582115
Phel_contig_1046	201.087687551763	6.36494346944311	0.928465694386584	6.85533510599795	7.11455440202067e-12	3.7863658527554e-08
Phel_contig_10817	122.540260974275	-2.85724937276642	0.784749446122972	-3.64097023181419	0.000271612543028225	0.048785251280301
Phel_contig_11009	392.170658063512	-3.82526432824289	1.02077001180703	-3.74743015958236	0.000178655557919229	0.0369362549881242
Phel_contig_11051	103.348744643254	-5.44008921692578	0.890650872874131	-6.10799291014066	1.00891834238885e-09	3.57964227879564e-06
Phel_contig_1111	264.563057127369	-6.14331037076548	1.11595918244673	-5.50495973992199	3.69252643587215e-08	5.61475019763188e-05
Phel_contig_11119	470.396837166736	-3.49652400742189	0.883672480854515	-3.95680988508405	7.59573341383612e-05	0.022150407248458
Phel_contig_11271	313.217240160668	-2.9257877342385	0.662820820478276	-4.41414578999996	1.01409604549002e-05	0.00502048293404454
Phel_contig_11410	95.0366259199619	-1.88014248357991	0.490799203435049	-3.83077737376304	0.000127739044027106	0.0295577040135765
Phel_contig_1164	1009.61915989607	-4.40395890373015	1.12078160598334	-3.92936400831298	8.5170827590055e-05	0.0232450843299627
Phel_contig_11675	92.9173345047946	-3.76849549880138	0.98147254372197	-3.83963415268895	0.000123217786111069	0.0288248377003564
Phel_contig_11921	180.732250329157	-1.72956122115654	0.401076238104474	-4.31230039787603	1.61564717671736e-05	0.00636924020332575
Phel_contig_11968	17.1881916943543	7.19547593600398	1.35342142837581	5.31650806256184	1.05777537671452e-07	0.000132458365997051
Phel_contig_12062	1271.12063335941	-4.05324853772857	0.953636920200803	-4.2503058049337	2.13478853187137e-05	0.00783541004594443
Phel_contig_12101	62.2061174499704	5.84662382560438	1.11527647261495	5.24230894237013	1.58579560272001e-07	0.000168792083953518
Phel_contig_1217	4138.80686973933	-2.50465966204481	0.578309488338434	-4.33100219268588	1.48432203582381e-05	0.00619246015373953
Phel_contig_12195	200.125336706078	-3.40905132650503	0.727675006008181	-4.68485422524832	2.80159255389153e-06	0.00186375944647634
Phel_contig_12540	236.698007841508	-3.95314565151077	0.915303461188846	-4.31894537618837	1.56776575780354e-05	0.0062970938588909
Phel_contig_12632	241.133623222721	-2.39391971686119	0.635431291209281	-3.76739350104297	0.000164960875940359	0.0351168712701836
Phel_contig_12768	526.906413519573	-3.56365917769404	0.814480034077272	-4.37537941827061	1.21221438615632e-05	0.00573458218944352
Phel_contig_1288	268.267605056445	-1.80281875511118	0.484517812437015	-3.72085134712264	0.000198552293399785	0.0399689450665308
Phel_contig_13472	146.529897396038	-2.04455850429781	0.512879144117165	-3.98643331036042	6.70739691624541e-05	0.020110854303244
Phel_contig_13663	105.811643622261	-5.35558447871362	1.25131633468456	-4.2799604946128	1.86926490859931e-05	0.00715376667707617
Phel_contig_1379	4319.94192667275	-1.82134822973037	0.481803062297265	-3.78027532877454	0.00015665502664857	0.0336855778514622
Phel_contig_13989	55.4287328717291	5.30685809755576	1.1533997928129	4.60105691939952	4.20352530747785e-06	0.00254891055752757
Phel_contig_14148	24.5330322826228	7.70026056659479	1.28387438107225	5.99767444550438	2.00163293557035e-09	6.08725170463165e-06
Phel_contig_14316	57.4618347590967	-3.82908342887777	0.837256769473709	-4.57336813327253	4.79945784260447e-06	0.00276137455549632
Phel_contig_14713	30.7642736232915	-3.77933729528248	0.87035284407686	-4.34230475720573	1.4099576710504e-05	0.0060030357802642
Phel_contig_14988	170.310028149785	-4.49448391574625	1.01743828815393	-4.41745113003479	9.98716416102002e-06	0.00502048293404454
Phel_contig_15035	206.25065664672	-2.64329048376836	0.586725948605012	-4.50515353897845	6.63249692072064e-06	0.00344372181581222
Phel_contig_1526	172.093405832755	-2.55213125577394	0.666966735935087	-3.82647457252249	0.000129991570140346	0.0297554897327708
Phel_contig_15449	157.982454179537	-2.66034708072033	0.527048107926218	-5.04763614689374	4.47309997469901e-07	0.000379033452582115
Phel_contig_15502	27.1622329581774	-5.34642115168705	1.39034897758992	-3.84538071941816	0.000120365406052698	0.0287903231915712
Phel_contig_16236	259.625741913397	-4.11840007795032	1.04626652945339	-3.93628197214905	8.27537337606479e-05	0.0229654188148025
Phel_contig_16400	152.910934250019	3.587205349784	0.547873886650118	6.54750196567563	5.85074511884543e-11	2.49101324179963e-07
Phel_contig_16695	79.9151554089629	-3.33489026763157	0.889677905383331	-3.74842428642159	0.000177949038963308	0.0369362549881242
Phel_contig_16959	627.027592339077	-3.85713034523976	1.05163497835519	-3.66774634224559	0.000244697757225042	0.0460984589009442
Phel_contig_17219	185.912264970541	-3.62415989345644	0.884181769896623	-4.09888556498984	4.15144216340233e-05	0.0135962924268475
Phel_contig_17226	394.876284920048	5.36480264715018	1.03093596343461	5.203817538072	1.95235704697494e-07	0.000197913222933346
Phel_contig_17301	74.6412119131754	-2.01984116433808	0.524592620464086	-3.85030418947032	0.000117971214373344	0.0285383092224971
Phel_contig_17369	79.5309772936501	-2.43363055702452	0.665851182980945	-3.65491662285469	0.000257265572459285	0.047212668159597
Phel_contig_17491	130.842666249495	-4.03463547474502	1.09280262941834	-3.69200747338292	0.000222490925449917	0.0427464007742631
Phel_contig_17671	117.613897832517	-4.01296971930464	0.993082697502834	-4.04092199914015	5.32414661481834e-05	0.0166677107553313
Phel_contig_1774	963.553652577091	-3.36863303605895	0.813746797398968	-4.13965750381609	3.47824725301601e-05	0.0119427302455169
Phel_contig_17863	82.1290019717756	-2.03868112849614	0.534628962826549	-3.81326353461616	0.0001371437390458	0.0307317464927051
Phel_contig_18038	207.401069344508	-2.88296091348026	0.732576142682776	-3.93537373865676	8.30673266037105e-05	0.0229654188148025
Phel_contig_18212	166.049850754396	-3.11151942284293	0.75856237541199	-4.10186363534443	4.09835795004774e-05	0.0135962924268475
Phel_contig_18284	58.2423478020674	-2.74098059469844	0.533089571207954	-5.14168864434455	2.72280075190271e-07	0.000241512426693771
Phel_contig_18546	98.4133784689559	-2.58723817570912	0.490788062955296	-5.27159963942477	1.35239834125109e-07	0.000151525557308175
Phel_contig_18944	134.513736216758	-3.15559366427142	0.808147845620285	-3.90472322777694	9.43332831426678e-05	0.0247708537841327
Phel_contig_19061	54.8933942861106	3.9192034793278	0.678975191187344	5.77223369895766	7.82275162281945e-09	1.5139157867871e-05
Phel_contig_19785	103.238041930925	-1.48509902729334	0.386768217299317	-3.83976490535681	0.000123152182863094	0.0288248377003564
Phel_contig_19904	165.943039498552	-2.79949015046776	0.396324141164107	-7.06363771393014	1.62199295199863e-12	1.15096619873823e-08
Phel_contig_19992	289.991072831029	-2.00160786845985	0.540928367225312	-3.70031965364856	0.000215328062362015	0.042183527113726
Phel_contig_20021	98.5235925519657	3.39243541768986	0.922661240665217	3.67679411269514	0.000236183512851754	0.0448917376927513
Phel_contig_20097	306.721651268714	-4.13185861574778	1.08658341663894	-3.80261519960298	0.000143176653010711	0.0317494228051251
Phel_contig_20195	55.9935735369688	-2.2202331552538	0.524681090004263	-4.23158600062328	2.32049235391627e-05	0.00837265105596093
Phel_contig_20473	169.474387247091	-3.92525746362925	0.854092404735064	-4.59582293656721	4.31044626413907e-06	0.00254891055752757
Phel_contig_20488	587.842188842129	-3.63138423034064	0.839269045780823	-4.32684161127633	1.51262649377328e-05	0.00619246015373953
Phel_contig_21637	26.8031798267273	-2.38094763893933	0.567490510770997	-4.19557260209437	2.72183080028964e-05	0.00949874329124031
Phel_contig_21672	69.2973335097067	-3.91025106968796	0.781953783406795	-5.00061659993751	5.71472544872572e-07	0.000450574353157308
Phel_contig_21827	52.1954192270175	-2.29276349184514	0.525269444179641	-4.36492835677114	1.27164428979658e-05	0.00575335070880678
Phel_contig_22110	116.680060129297	-3.14460758823436	0.538507218616668	-5.83949013035018	5.23608181975891e-09	1.39332137223785e-05
Phel_contig_22228	16.8305164357269	-4.80424128039989	1.23266163943129	-3.89745338600494	9.72095256991143e-05	0.0249324865431656
Phel_contig_22456	376.104042568407	-5.31659158527824	0.970703654456857	-5.47704910851815	4.32477224228884e-08	6.13771676625632e-05
Phel_contig_23127	220.428955013827	-2.70478178412794	0.587369491043316	-4.60490683525896	4.12650555732608e-06	0.00254891055752757
Phel_contig_23199	83.5099445807651	-1.80711323801927	0.44361359289314	-4.07362007605248	4.62879690831233e-05	0.0147071385946497
Phel_contig_23301	305.250234739096	-4.44088956250034	0.961033398037693	-4.62095237435876	3.81982464287977e-06	0.00246413415144317
Phel_contig_23786	267.712495996379	-4.43702586310768	1.04275850787916	-4.2550847867279	2.08969813737951e-05	0.00780447262254999
Phel_contig_24432	101.639579987799	-3.12874149577744	0.85964031623449	-3.6395937192457	0.000273068541120075	0.048785251280301
Phel_contig_24621	37.6527208955591	-4.13750389346131	1.0571919205374	-3.91367339561023	9.09025699792393e-05	0.0244953659457981
Phel_contig_24700	173.531438232358	-2.88778532149166	0.793832431029781	-3.63777695217812	0.000275001416461674	0.048785251280301
Phel_contig_25059	85.3031496397406	-4.94958199349659	1.00273238733324	-4.93609467094203	7.97024293453536e-07	0.000605966184251388
Phel_contig_25137	127.060942416232	-4.74730241384912	1.19332006433077	-3.97823061536426	6.94300142671506e-05	0.0205281408849875
Phel_contig_26845	55.3728275646876	-3.0049618301462	0.517409944886471	-5.80770018018409	6.333680370209e-09	1.49812653023344e-05
Phel_contig_2744	36.0718835035556	-3.98476617971106	1.04904391423188	-3.79847413978731	0.000145589615855	0.0319516674466108
Phel_contig_27651	41.6173289811151	-4.14747287069734	1.02838691037393	-4.03298877966978	5.5071910167871e-05	0.0169908815022266
Phel_contig_2803	1032.27454517061	-4.09043466674108	1.09950267303787	-3.72025895620557	0.000199018610346311	0.0399689450665308
Phel_contig_29062	38.942706926186	-2.81564824596289	0.486467930133297	-5.78794216751632	7.12539329214949e-09	1.5139157867871e-05
Phel_contig_29267	80.3632514433594	-5.09416934274036	1.16823563331272	-4.36056665066365	1.29726058823152e-05	0.00575335070880678
Phel_contig_2957	1317.78867096279	-5.96419570801659	1.05860500735539	-5.63401426082081	1.76062452369583e-08	3.1233479050364e-05
Phel_contig_2997	1421.35324402158	-1.94459806565562	0.4928108684433	-3.94593177662305	7.94902467274922e-05	0.0227073031458503
Phel_contig_3005	81.6827132956024	-2.38014085913094	0.527792542138815	-4.50961442063146	6.49455586281799e-06	0.00344372181581222
Phel_contig_3028	1228.90486358172	-3.51309790065369	0.944960494492414	-3.7177193344371	0.000201029429951719	0.0399954626617963
Phel_contig_3551	3585.94918689927	-2.97701019463174	0.78675403437269	-3.7839147491699	0.000154380722211226	0.033535273616659
Phel_contig_4205	415.21721780914	-3.55094877687822	0.970598145932226	-3.65851592830693	0.000253679977058902	0.0471937779468221
Phel_contig_4414	272.359654664751	-7.68516685202393	0.942154446250485	-8.15701383420602	3.43409069210221e-16	3.65524613267359e-12
Phel_contig_4638	327.535312928176	-1.55088118986083	0.39836117498306	-3.89315346789702	9.89495105888735e-05	0.0250766331120945
Phel_contig_4682	421.420480947513	-1.97229299507116	0.481965269582338	-4.09218904254307	4.27320059767793e-05	0.0137830142914194
Phel_contig_4704	226.807986619132	2.84691861581056	0.674219071672763	4.22254239819596	2.41561939899188e-05	0.00857061762762318
Phel_contig_4719	5469.65713662882	-2.33288286589737	0.517369024267371	-4.50912744380259	6.50947981659068e-06	0.00344372181581222
Phel_contig_483	168.177083945109	-2.6261134404077	0.484604811276921	-5.4190824756526	5.9905678880431e-08	7.97045057504135e-05
Phel_contig_5034	358.871523009832	-3.1119289105091	0.682902871003943	-4.55691291198441	5.19109346497203e-06	0.00290810520216643
Phel_contig_5421	616.96199581541	-3.92379203733208	1.0486609278096	-3.74171663430613	0.000182767530645019	0.0374111076189534
Phel_contig_543	309.857583439202	4.64674494929322	0.838751584452565	5.54007293151768	3.02345704502716e-08	4.9510271980414e-05
Phel_contig_5559	102.435877009772	-6.9759235073724	0.813761396493595	-8.57244339364199	1.01312156436025e-17	2.1567331862101e-13
Phel_contig_5595	2743.48490202674	-2.5572547782792	0.699230793557898	-3.65723992970492	0.000254945718897245	0.0471937779468221
Phel_contig_5676	666.735456443739	-3.82872721491872	0.99022126371744	-3.86653706116661	0.000110391694640902	0.0270117056955806
Phel_contig_5694	319.590892754696	-1.84189574034528	0.419423899465081	-4.39148971409205	1.12576662282287e-05	0.00544666360605755
Phel_contig_6019	2027.99707792596	-4.0838897588116	1.02181161350347	-3.99671495688842	6.42275604981831e-05	0.019532518684076
Phel_contig_6402	899.312973014206	-2.64236946658605	0.556379760342332	-4.74921924722826	2.04203466871003e-06	0.00140228496862901
Phel_contig_6489	23.4438600624616	4.3857295920749	1.18547964626857	3.69954018685978	0.000215990438528567	0.042183527113726
Phel_contig_6501	261.244078226259	-1.91533164161532	0.526492035835742	-3.63791189846769	0.000274857406172675	0.048785251280301
Phel_contig_6656	132.820116487962	2.49913649867292	0.654798270962647	3.81665103513306	0.000135275281585421	0.0306355339828771
Phel_contig_6825	245.791345796818	-2.322358835324	0.451050829408739	-5.14877411569839	2.62194402078816e-07	0.000241512426693771
Phel_contig_7265	941.998193550464	-3.57841882622199	0.751367957509318	-4.76253850122111	1.91172708025377e-06	0.00135656153614808
Phel_contig_7269	339.415031476471	-4.04885361744668	1.04368329336653	-3.87938912424917	0.000104719120170797	0.0259216352348365
Phel_contig_7333	59.1958329308929	-2.69026967199724	0.508546316044248	-5.2901173150238	1.22237928749232e-07	0.000144566723734092
Phel_contig_7439	33.9276302679181	-2.59977351397878	0.666273228299786	-3.90196304391962	9.54157276540247e-05	0.0247708537841327
Phel_contig_7488	263.85858386639	-2.69522087166563	0.521412240936245	-5.16907862927442	2.35250912029164e-07	0.000227637337058038
Phel_contig_7976	247.750750128267	-2.35973747772709	0.603876677437136	-3.90764797829561	9.31989610357001e-05	0.0247708537841327
Phel_contig_8353	2056.24142441341	-3.79363394565949	0.871990751668558	-4.35054378547061	1.35800333653361e-05	0.00589983163839339
Phel_contig_8524	28.0198140276247	3.77104826061647	0.956051419971329	3.94439899553683	8.00003633943429e-05	0.0227073031458503
Phel_contig_8548	397.694557024208	-5.54171938874356	1.16340839879639	-4.76334827432633	1.90406790925891e-06	0.00135656153614808
Phel_contig_8811	135.532785033615	-1.73254435032228	0.469326627148366	-3.69155349409693	0.000222888504600864	0.0427464007742631
Phel_contig_8992	86.7076747309	-1.54318961689702	0.375529961207004	-4.10936483453145	3.96748852604203e-05	0.0134063326575211
Phel_contig_9637	740.697680994543	-4.23475433367022	0.969722377150132	-4.3669759855553	1.25978572326777e-05	0.00575335070880678
Phel_contig_9703	1177.26332091496	-4.25834606028859	0.995297543635204	-4.27846535693788	1.88186271099336e-05	0.00715376667707617
