baseMean	log2FoldChange	lfcSE	stat	pvalue	padj
Phel_contig_10256	88.2957006885331	1.64998785709818	0.424883321929862	3.88339050260615	0.000103009931564463	0.0257985343899329
Phel_contig_10419	264.106340617948	2.95232209600915	0.787841405018578	3.74735584751291	0.000178708476797827	0.0369353985832247
Phel_contig_10456	77.0866504809601	2.32495590531623	0.461202412237568	5.04107490252811	4.62924216867385e-07	0.000379028104948958
Phel_contig_1046	201.087687551763	-6.36493924456743	0.92846578388685	-6.85532989478815	7.11481377055287e-12	3.78650388868824e-08
Phel_contig_10817	122.540260974275	2.85725325010511	0.784749443442603	3.64097518511217	0.000271607316870182	0.0487842283955089
Phel_contig_11009	392.170658063512	3.82527224831171	1.02077001074446	3.74743792239928	0.000178650030736387	0.0369353985832247
Phel_contig_11051	103.348744643254	5.44009287141569	0.89065082597423	6.10799733494335	1.00889037894827e-09	3.57954306450847e-06
Phel_contig_1111	264.563057127369	6.14331761959664	1.11595915108763	5.50496639022073	3.69238705057848e-08	5.61453825233677e-05
Phel_contig_11119	470.396837166736	3.49653025389741	0.883672480511341	3.95681695538841	7.59550869468164e-05	0.0221497519304634
Phel_contig_11271	313.217240160668	2.92579110109106	0.662820820029049	4.41415087257343	1.01407222373861e-05	0.00502036499975524
Phel_contig_11410	95.0366259199619	1.88014399305642	0.490799202628194	3.83078045560869	0.000127737443938456	0.0295573337669767
Phel_contig_1164	1009.61915989607	4.4039698350044	1.12078160607653	3.92937376124611	8.51673734895291e-05	0.0232441416262192
Phel_contig_11675	92.9173345047946	3.76850083434319	0.981472530691834	3.83963963992635	0.000123215032307421	0.0288241934918724
Phel_contig_11921	180.732250329157	1.72956239073246	0.401076237820159	4.31230331702671	1.61562583949302e-05	0.00636915608724581
Phel_contig_11968	17.1881916943543	-7.1954768778523	1.35342282697622	-5.31650326448847	1.05780325651749e-07	0.000132461857204379
Phel_contig_12062	1271.12063335941	4.05325689978347	0.953636920453593	4.25031457240094	2.13470496779413e-05	0.00783510333696576
Phel_contig_12101	62.2061174499704	-5.84661971756101	1.11527675212603	-5.24230394511111	1.58583856426616e-07	0.00016879665678049
Phel_contig_1217	4138.80686973933	2.50466351732584	0.578309488376976	4.33100885886408	1.48427709366096e-05	0.00619226535773786
Phel_contig_12195	200.125336706078	3.40905490625582	0.727675004202443	4.68485915631012	2.80152510754345e-06	0.00186371457779328
Phel_contig_12540	236.698007841508	3.95315133878364	0.915303458063438	4.31895160447395	1.56772152011142e-05	0.0062969161736098
Phel_contig_12632	241.133623222721	2.39392274281436	0.635431290683809	3.76739826620464	0.000164957728279727	0.0351162011961883
Phel_contig_12768	526.906413519573	3.56366457045068	0.814480033866014	4.37538604050903	1.21217758311301e-05	0.00573440808651329
Phel_contig_1288	268.267605056445	1.80282058870678	0.484517812182506	3.72085513344904	0.000198549316192318	0.0399674006249924
Phel_contig_13472	146.529897396038	2.0445603051601	0.512879143546633	3.986436826075	6.70729757661049e-05	0.0201105564522372
Phel_contig_13663	105.811643622261	5.3555921118544	1.25131627457695	4.27996680029198	1.86921194841531e-05	0.00715347896729084
Phel_contig_1379	4319.94192667275	1.82135097045011	0.481803062293495	3.78028101726887	0.000156651447381719	0.0336848082006266
Phel_contig_13989	55.4287328717291	-5.3068533870768	1.15340004119906	-4.601051844562	4.20362773577367e-06	0.00254884449436372
Phel_contig_14148	24.5330322826228	-7.70026163168687	1.28387571033068	-5.99766906541408	2.00169923268646e-09	6.08745332363278e-06
Phel_contig_14316	57.4618347590967	3.82908672926088	0.837256747866653	4.57337219319817	4.79936480288083e-06	0.0027613210249656
Phel_contig_14713	30.7642736232915	3.77934013501137	0.870352795502476	4.34230826228284	1.40993517063614e-05	0.00600293998250041
Phel_contig_14988	170.310028149785	4.4944901979665	1.01743827737551	4.41745735137867	9.98687679573923e-06	0.00502036499975524
Phel_contig_15035	206.25065664672	2.64329293545147	0.58672594795159	4.50515772257879	6.63236625036562e-06	0.00344365396921423
Phel_contig_1526	172.093405832755	2.55213434496812	0.666966734897891	3.82647921017955	0.000129989122289288	0.0297549294117673
Phel_contig_15449	157.982454179537	2.6603489502159	0.527048107053558	5.04763970235749	4.47301675654744e-07	0.000379028104948958
Phel_contig_15502	27.1622329581774	5.34642630844484	1.390348568526	3.84538555976142	0.000120363029944781	0.0287897548479156
Phel_contig_16236	259.625741913397	4.11840758269714	1.04626652583665	3.93628915863847	8.27512568930561e-05	0.022964924174372
Phel_contig_16400	152.910934250019	-3.58720349141074	0.547873891988181	-6.54749850990915	5.85088046143519e-11	2.49107086526065e-07
Phel_contig_16695	79.9151554089629	3.33489460793034	0.889677895932271	3.74842920474695	0.000177945550084272	0.0369353985832247
Phel_contig_16959	627.027592339077	3.8571394794729	1.05163497814871	3.6677550287106	0.000244689446619715	0.0460968932711547
Phel_contig_17219	185.912264970541	3.62416504433752	0.884181766651911	4.09889140562236	4.15133741829969e-05	0.013595949378579
Phel_contig_17226	394.876284920048	-5.36479547789796	1.03093598098586	-5.20381049535952	1.9524310760209e-07	0.00019792072736349
Phel_contig_17301	74.6412119131754	2.01984277230928	0.524592619167709	3.85030726416596	0.000117969733336002	0.0285379509461001
Phel_contig_17369	79.5309772936501	2.43363313847723	0.665851180170474	3.65492051520305	0.000257261669395934	0.047211951880178
Phel_contig_17491	130.842666249495	4.03464251269441	1.09280261849461	3.6920139505635	0.000222485257782191	0.0427458603858918
Phel_contig_17671	117.613897832517	4.01297536652276	0.993082686201036	4.04092773168174	5.32401645589125e-05	0.0166673032813254
Phel_contig_1774	963.553652577091	3.36863905490011	0.813746797522456	4.13966489964238	3.47813512373431e-05	0.0119423452442026
Phel_contig_17863	82.1290019717756	2.03868284103957	0.534628961437923	3.81326674775789	0.00013714195529632	0.0307313467826111
Phel_contig_18038	207.401069344508	2.88296469851364	0.73257614160064	3.93537891121395	8.30655374589743e-05	0.022964924174372
Phel_contig_18212	166.049850754396	3.1115232384154	0.75856237341953	4.10186867612342	4.09826864645107e-05	0.013595949378579
Phel_contig_18284	58.2423478020674	2.74098206208126	0.533089567267651	5.14169143494995	2.72276030157966e-07	0.000241508838750116
Phel_contig_18546	98.4133784689559	2.58723963648419	0.490788061338773	5.27160263317472	1.35237627737307e-07	0.000151523085224831
Phel_contig_18944	134.513736216758	3.15559779172335	0.808147842475239	3.90472835027092	9.43312851088443e-05	0.0247705350353721
Phel_contig_19061	54.8933942861106	-3.91920149440871	0.678975227574665	-5.77223046621054	7.82290174885135e-09	1.51394484026861e-05
Phel_contig_19785	103.238041930925	1.48510000075485	0.386768216965038	3.83976742558733	0.000123150918697622	0.0288241934918724
Phel_contig_19904	165.943039498552	2.79949120972466	0.396324140591755	7.06364039683458	1.62196162026726e-12	1.15094396574165e-08
Phel_contig_19992	289.991072831029	2.00161016390103	0.540928366961972	3.70032389897154	0.000215324459994752	0.0421842368235159
Phel_contig_20021	98.5235925519657	-3.3924305670582	0.922661258203382	-3.67678878558744	0.000236188443027776	0.0448926747783508
Phel_contig_20097	306.721651268714	4.13186699194522	1.08658341386233	3.80262291806777	0.000143172190892645	0.0317484333304439
Phel_contig_20195	55.9935735369688	2.22023463753342	0.524681087295669	4.23158884757413	2.32046297678292e-05	0.00837254505928047
Phel_contig_20473	169.474387247091	3.92526205625788	0.854092399820709	4.59582834021456	4.31033454514722e-06	0.00254884449436372
Phel_contig_20488	587.842188842129	3.63139004743287	0.839269045641619	4.32684854313515	1.51257891113476e-05	0.00619226535773786
Phel_contig_21637	26.8031798267273	2.38094899532111	0.567490501545334	4.19557506044162	2.72180127628941e-05	0.0094986402573195
Phel_contig_21672	69.2973335097067	3.91025408338841	0.781953767516207	5.00062055562302	5.71460819207454e-07	0.000450565108121788
Phel_contig_21827	52.1954192270175	2.29276493405666	0.525269441097429	4.36493112804441	1.27162816859685e-05	0.00575320401846
Phel_contig_22110	116.680060129297	3.14460933782714	0.538507216402095	5.83949340333279	5.23597896230166e-09	1.39329400186847e-05
Phel_contig_22228	16.8305164357269	4.80424450588763	1.23266124568032	3.89745724766104	9.7207976123518e-05	0.0249320891050295
Phel_contig_22456	376.104042568407	5.31659798742522	0.970703648006781	5.47705574027891	4.32461022418123e-08	6.137486830158e-05
Phel_contig_23127	220.428955013827	2.70478426680893	0.587369490440402	4.60491106676467	4.12642165243799e-06	0.00254884449436372
Phel_contig_23199	83.5099445807651	1.80711443417684	0.443613592169525	4.07362277909253	4.62874315983013e-05	0.0147069678188752
Phel_contig_23301	305.250234739096	4.44089596499963	0.961033394569866	4.62095905313182	3.81970166092335e-06	0.0024640548169011
Phel_contig_23786	267.712495996379	4.4370331964495	1.04275850306481	4.25509183901013	2.08963227304277e-05	0.007804226636585
Phel_contig_24432	101.639579987799	3.12874587036538	0.859640311205189	3.63959882939758	0.000273063122384323	0.0487842283955089
Phel_contig_24621	37.6527208955591	4.1375083378051	1.05719185249258	3.91367785142304	9.09008917403294e-05	0.0244949137135207
Phel_contig_24700	173.531438232358	2.88778960372659	0.793832429411716	3.63778235397443	0.000274995650482012	0.0487842283955089
Phel_contig_25059	85.3031496397406	4.94958673820175	1.00273234347349	4.93609961862432	7.97004084799361e-07	0.000605950819900314
Phel_contig_25137	127.060942416232	4.74731021347247	1.19332003938451	3.97823723459889	6.94280818510341e-05	0.0205275695339558
Phel_contig_26845	55.3728275646876	3.00496317045523	0.517409939306341	5.80770283323856	6.3335800379069e-09	1.49810279829958e-05
Phel_contig_2744	36.0718835035556	3.98477056007534	1.04904385070376	3.79847854539362	0.000145587028514396	0.0319510996187058
Phel_contig_27651	41.6173289811151	4.1474772284561	1.02838685148295	4.03299324809081	5.50708625794538e-05	0.0169905582984263
Phel_contig_2803	1032.27454517061	4.09044539732586	1.09950267322411	3.72026871506487	0.000199010920060559	0.0399674006249924
Phel_contig_29062	38.942706926186	2.81564931827744	0.48646792363948	5.78794444906528	7.12529653684143e-09	1.51394484026861e-05
Phel_contig_29267	80.3632514433594	5.0941755820704	1.16823556959715	4.36057222930395	1.29722751261781e-05	0.00575320401846
Phel_contig_2957	1317.78867096279	5.96420504603771	1.05860500629298	5.63402308753778	1.7605343633845e-08	3.1231879606441e-05
Phel_contig_2997	1421.35324402158	1.94460053376245	0.492810868426771	3.94593678497862	7.94885849747998e-05	0.0227076594437852
Phel_contig_3005	81.6827132956024	2.38014248689445	0.527792540384056	4.50961751972187	6.49446099260677e-06	0.00344365396921423
Phel_contig_3028	1228.90486358172	3.51310628297098	0.944960494697542	3.71772820417793	0.000201022373978728	0.0399940588528893
Phel_contig_3551	3585.94918689927	2.97701709270102	0.786754034478873	3.78392351641759	0.000154375281200442	0.0335340916958675
Phel_contig_4205	415.21721780914	3.55095613239698	0.970598145315602	3.65852350896708	0.000253672474974157	0.047192373338525
Phel_contig_4414	272.359654664751	7.68517093130258	0.942154342761352	8.15701905993256	3.43394217422811e-16	3.6550880502484e-12
Phel_contig_4638	327.535312928176	1.55088248377254	0.398361174824753	3.89315671753103	9.89481845741255e-05	0.0250762970620712
Phel_contig_4682	421.420480947513	1.97229494773063	0.481965269447818	4.09219309513789	4.27312589786317e-05	0.0137827733505623
Phel_contig_4704	226.807986619132	-2.84691535947241	0.674219072566535	-4.22253756280598	2.41567123960869e-05	0.00857080155813164
Phel_contig_4719	5469.65713662882	2.33288607533161	0.517369024288867	4.50913364699057	6.5092895067629e-06	0.00344365396921423
Phel_contig_483	168.177083945109	2.62611504120219	0.4846048106471	5.41908578599436	5.9904569796675e-08	7.9703030114476e-05
Phel_contig_5034	358.871523009832	3.11193252546264	0.682902870635876	4.55691820795101	5.19096263153952e-06	0.00290803190790035
Phel_contig_5421	616.96199581541	3.92380106456058	1.04866092754188	3.74172524360012	0.000182761268214009	0.0374098257474983
Phel_contig_543	309.857583439202	-4.64674020752241	0.838751593753748	-5.54006721671477	3.02355571305766e-08	4.95118877073626e-05
Phel_contig_5559	102.435877009772	6.97592544249997	0.813761230550545	8.57244751974785	1.01308525488458e-17	2.15665589059828e-13
Phel_contig_5595	2743.48490202674	2.55726011474933	0.699230793615937	3.65724756131656	0.000254938131056481	0.047192373338525
Phel_contig_5676	666.735456443739	3.828735422193	0.990221263598529	3.86654534995454	0.000110387944485692	0.0270107880713955
Phel_contig_5694	319.590892754696	1.84189715406629	0.419423899306779	4.39149308637531	1.12574915909924e-05	0.0054465791133874
Phel_contig_6019	2027.99707792596	4.08390005403008	1.02181161385252	3.99672503097965	6.4224828466676e-05	0.0195316878342657
Phel_contig_6402	899.312973014206	2.64237233823719	0.556379760368054	4.74922440832359	2.04198256094116e-06	0.00140224918571986
Phel_contig_6489	23.4438600624616	-4.38572564658002	1.18547994808916	-3.69953591678141	0.000215994072424053	0.0421842368235159
Phel_contig_6501	261.244078226259	1.91533378117015	0.526492035548297	3.63791596424718	0.000274853068402105	0.0487842283955089
Phel_contig_6656	132.820116487962	-2.49913370583216	0.654798273445533	-3.81664675546834	0.000135277626934385	0.0306360651295658
Phel_contig_6825	245.791345796818	2.32236036142752	0.451050829149324	5.14877750209985	2.62189669165757e-07	0.000241508838750116
Phel_contig_7265	941.998193550464	3.57842388807804	0.751367957629259	4.76254523731461	1.91166324555983e-06	0.00135651623904926
Phel_contig_7269	339.415031476471	4.04886154707747	1.04368329140216	3.87939672928742	0.00010471584644036	0.0259208248723534
Phel_contig_7333	59.1958329308929	2.69027102243277	0.508546312640239	5.29012000591565	1.22236130319048e-07	0.000144564596790661
Phel_contig_7439	33.9276302679181	2.59977554356084	0.666273216709483	3.90196615796794	9.54144998544021e-05	0.0247705350353721
Phel_contig_7488	263.85858386639	2.6952228976149	0.521412240575025	5.16908251835926	2.35246017118199e-07	0.000227632600564192
Phel_contig_7976	247.750750128267	2.35974021382307	0.603876677018359	3.90765251189081	9.31972127879964e-05	0.0247705350353721
Phel_contig_8353	2056.24142441341	3.79364155262852	0.871990751929195	4.3505525078511	1.35794931451497e-05	0.00589959694028462
Phel_contig_8524	28.0198140276247	-3.77104514106009	0.956051540543728	-3.94439523513074	8.00016186717346e-05	0.0227076594437852
Phel_contig_8548	397.694557024208	5.54172857483488	1.16340838953165	4.76335620810316	1.90399301433538e-06	0.00135651623904926
Phel_contig_8811	135.532785033615	1.73254585725932	0.469326626654286	3.69155670883243	0.000222885686905016	0.0427458603858918
Phel_contig_8992	86.7076747309	1.54319049815537	0.375529960861537	4.10936718501767	3.96744814696244e-05	0.0134061962146883
Phel_contig_9637	740.697680994543	4.23476216260639	0.969722376982654	4.36698405968839	1.25973917255292e-05	0.00575320401846
Phel_contig_9703	1177.26332091496	4.25835497307126	0.995297543857581	4.27847431087461	1.88178702634483e-05	0.00715347896729084
